5000000
32
0.000000
0.103170
0.000000
0.042178
1.462629
0.065631
0.721258
0.861867
1.407164
1.629351
1.363737
2.054493
3.602658
2.060745
2.443090
2.459498
4.816902
1.842038
3.060386
2.861677
2.138169
3.525153
2.266686
3.224975
1.768210
0.547157
0.687127
1.422901
0.394777
0.531709
0.196291
0.000000
0.103170
0.383323
0.661619
0.532033
0.825936
2.256417
2.303209
3.886356
4.397721
3.641733
3.301541
2.774251
3.803975
1.355636
4.109716
9.111520
5.486874
3.944269
6.764381
3.152843
4.106904
1.955105
6.254406
1.583921
1.096832
0.848396
1.868163
0.433009
1.877386
0.000000
0.000000
0.247935
0.000000
0.000000
0.546201
0.274536
0.585690
3.262452
3.999469
2.958734
5.006744
4.764431
4.277925
7.836973
10.030079
10.714739
9.511245
6.988194
6.520422
8.335567
6.050845
6.623731
7.218758
7.289536
4.042087
5.148067
3.822386
4.522803
1.576634
2.270731
1.042677
1.220970
1.321542
0.079445
0.153710
0.718285
1.217567
1.039345
2.081040
2.985641
3.403604
3.494982
8.247316
7.011417
8.252802
5.242249
9.303355
8.630184
12.205988
11.083857
10.917051
11.102837
11.362667
11.938521
9.074745
5.918949
4.540936
4.192992
3.807653
6.992288
1.703186
1.912246
2.887872
0.970918
1.663136
0.855496
0.000000
0.202300
3.662484
2.102448
2.589662
2.716399
5.187718
9.689146
8.093849
8.232279
9.534224
16.396551
9.734521
14.294792
14.995208
14.772449
11.148033
14.474777
17.201435
17.635141
12.800203
10.267520
9.954640
7.118649
13.323967
6.624007
5.286794
4.219343
1.137040
0.097472
1.607078
1.527543
1.198050
3.389428
2.217782
2.924601
7.363227
4.201607
3.943186
8.949292
12.460833
9.839947
11.283977
19.946955
14.914835
16.892014
26.467855
14.406600
15.042034
14.885843
16.165848
16.745834
12.433971
12.838929
4.601093
14.217985
7.389080
8.376343
4.671567
5.213450
4.242152
2.112888
1.633747
1.226708
0.071849
0.610208
3.445129
3.004712
4.876140
4.905003
9.992222
7.571337
15.043701
18.256142
15.176523
13.219608
23.587448
14.727833
19.252083
21.998402
16.394510
22.118170
17.710384
16.731153
21.918478
15.096854
15.288145
10.829941
9.491743
10.734369
6.819697
7.709806
4.348888
5.006794
1.038373
0.162170
2.594357
4.014401
2.398784
5.328678
4.889030
9.501379
8.733042
18.630526
20.399143
12.846092
16.973255
14.407207
14.982871
20.532116
25.617588
20.414696
21.436199
20.173286
25.953579
31.125103
22.275892
11.987994
14.845896
15.784325
15.113013
11.105467
9.819437
11.466715
4.251812
3.628820
4.070111
1.077173
0.718073
0.424797
3.405915
7.177881
9.513879
10.891883
12.500572
13.125370
18.469564
18.202768
20.749796
21.210735
19.515699
28.167664
25.971592
28.544212
28.271780
27.954746
30.687126
26.061985
22.996578
19.742365
16.787720
17.639528
14.765081
13.452332
6.375819
5.320704
6.724177
3.384569
6.656468
3.460713
3.682647
2.718378
6.349930
8.111269
10.498233
13.740211
16.515425
16.647240
13.705963
19.131969
22.034548
15.579026
27.791521
27.907551
27.233744
43.263920
31.063595
39.321762
40.390842
24.048439
26.691130
22.846346
16.003906
18.381191
21.225624
16.504908
12.247511
9.345584
6.678308
4.924168
3.098357
0.927020
1.731297
6.748565
7.010599
7.553064
11.319059
13.212968
20.622339
21.139254
21.048010
33.216309
18.392836
23.039122
36.894440
31.004871
40.415321
66.689117
30.766796
46.661369
33.702690
38.109486
27.942383
26.925797
22.573479
29.666660
20.146212
13.690929
14.120598
10.476408
5.064473
9.426083
6.084085
3.695121
1.719072
1.687123
8.919033
10.940590
14.437363
13.076246
12.070162
14.798365
23.733768
19.574236
21.173172
26.398558
39.824631
35.188389
43.177631
41.725601
37.777206
38.952999
42.388653
34.386406
25.745579
24.514948
37.034004
46.751194
22.486687
16.321758
15.227493
10.763404
14.608343
8.215875
7.446186
6.242507
4.601641
4.282835
10.456935
9.194890
14.484193
24.783218
19.919542
21.752068
24.551426
21.372229
26.541977
25.809155
34.476059
50.782833
29.767845
41.879135
40.628963
35.142971
37.106773
43.283398
40.595169
29.068596
35.433094
17.665213
21.918737
18.966566
14.320484
9.415481
12.400129
9.448941
5.019716
4.079438
2.789911
6.121890
10.340816
11.995817
19.272917
16.093750
26.063633
30.507202
26.075478
27.174788
30.621029
38.700272
36.071014
39.770596
47.675671
32.144436
42.701889
47.045124
44.047844
39.337742
40.114620
29.596882
30.214788
23.441116
23.412588
19.961262
19.007309
15.402368
7.788145
7.749835
4.134946
4.054484
2.827774
7.509243
11.074370
25.719952
16.612177
15.535733
22.142666
23.137863
25.643427
28.253056
27.431499
37.391453
45.497135
44.867695
38.171188
58.990803
51.765572
48.548187
46.993279
54.655151
35.116909
34.863068
52.787346
31.000921
23.948181
22.487438
9.897588
15.843460
15.908678
13.326918
6.416638
3.134743
3.359607
6.392692
8.925426
9.952541
17.886108
17.446213
19.024210
38.467007
34.613121
29.235531
35.483120
35.417767
53.901680
38.157516
49.872105
54.461334
45.368587
47.094093
46.193810
38.920601
35.837471
32.829079
37.542763
24.095684
39.305611
32.327274
25.370510
16.309484
13.005092
7.297205
8.837711
3.301032
4.981565
8.414565
17.662729
13.587152
11.120088
20.917231
21.133240
27.631371
25.857389
36.240784
53.434944
37.713596
57.938862
34.987354
40.043083
62.307045
6044.736328
39.278854
45.691994
49.072178
31.561043
34.616367
41.332001
33.704170
47.711357
27.979479
24.892073
20.921282
8.453492
11.984674
5.671078
2.973815
2.697937
8.782577
12.237321
7.187592
11.222937
16.937283
23.660097
22.651199
27.999605
27.911005
35.102154
37.518757
41.583534
34.303585
48.604172
47.239334
54.147720
48.356068
39.904465
40.939606
41.478199
34.707939
34.403900
34.682812
21.847221
24.127031
17.271152
15.312370
12.187071
14.676358
8.370816
3.245707
4.571268
6.153100
7.827077
7.097709
21.629992
18.852114
24.472647
20.029171
33.256294
36.892979
34.513126
39.660900
31.578779
47.709206
48.797256
40.655773
38.009430
49.945011
44.825600
41.888374
47.999615
44.008278
37.773434
39.666656
28.939575
37.177361
18.462376
15.619401
11.056437
6.740135
6.903363
4.920313
4.068676
2.631169
3.940691
12.757710
17.829674
15.575872
13.905569
18.784668
19.235588
27.783638
39.206356
35.086426
37.463245
39.735462
38.689911
49.348785
55.957577
51.194275
38.434261
37.113087
37.871872
49.445312
43.168060
29.447144
17.653320
22.963820
21.709414
13.727113
7.541942
8.981609
5.695908
4.194434
1.570329
8.749105
7.902575
9.985720
7.283255
11.542712
27.760773
20.137514
18.495178
24.019623
35.004169
22.556532
29.816280
44.188820
38.608917
52.078274
47.230896
46.223297
37.394772
41.699471
41.270771
41.444504
27.357407
26.857121
23.190441
15.900172
14.439955
12.781728
8.750857
8.196594
6.076013
4.707204
1.026786
3.773260
9.841559
12.167432
8.164527
12.146880
12.171622
17.577187
19.596378
33.873619
31.624519
27.679358
30.465670
44.414639
34.519409
37.548622
35.006050
43.106525
27.938568
37.435574
35.654350
26.576378
27.900124
24.490398
26.380024
17.991470
14.575603
17.527891
7.238197
5.481111
3.634767
2.879213
1.981467
4.209643
4.504868
8.332183
8.864386
12.592627
11.233583
20.837513
10.804554
22.780458
29.801926
21.992025
45.357826
31.925673
38.958359
32.991287
40.711792
25.460560
32.939240
26.650635
36.821213
19.005932
25.116678
25.487200
18.944357
21.123123
10.427668
12.945867
8.822165
7.231199
3.118873
0.693372
1.535580
5.023104
2.764322
5.100729
8.035958
8.802406
11.115233
10.621414
16.462307
15.826772
17.889580
24.813944
25.385859
30.214617
35.353226
33.386059
27.680031
23.112082
23.424765
30.761751
22.184013
19.664371
24.575203
12.878256
14.004435
18.177088
12.157319
13.904541
9.991492
1.809125
3.833405
1.521439
1.078071
4.115344
3.695438
6.870587
5.482013
6.265702
10.379639
13.026627
9.262713
18.106071
10.995550
27.755507
17.194336
24.709816
21.098934
29.661331
24.630402
17.623474
18.045761
23.017553
24.741919
22.764112
17.471310
17.824482
11.808968
15.083881
11.342316
11.659735
5.471593
3.506379
1.699261
1.314450
0.994954
0.559385
2.262903
3.478147
5.258024
11.329828
6.033505
12.466031
9.066330
11.091144
11.824992
15.974297
18.175310
20.136913
29.341299
31.009460
23.787514
35.073418
19.675396
27.449341
14.603869
14.815505
17.314186
8.333462
13.494776
6.678956
11.450711
7.479094
4.270970
3.912539
2.469676
2.903086
0.000000
0.529199
1.383364
3.736056
4.071936
4.831770
5.830409
10.671491
9.222311
7.588253
10.047263
13.830954
14.702662
32.169243
26.046864
20.368773
19.878887
19.460972
12.796556
13.688887
9.619978
16.140415
10.900562
12.416739
13.272512
7.480193
7.041256
5.959702
2.670653
3.011211
0.549163
0.629237
0.000000
0.331033
1.521380
2.562616
2.990469
5.237971
5.837349
4.238127
5.929685
4.109749
10.345849
11.854235
17.360630
14.170785
15.542831
17.973068
12.882761
9.953446
15.707727
12.299677
17.973522
17.260056
8.018912
6.070944
2.662311
6.328270
5.536592
1.259939
2.694610
2.490493
1.967703
1.001349
0.194329
1.599182
1.630806
1.605681
4.752278
2.531488
4.929809
5.345161
5.581048
10.788357
12.945431
12.144505
8.428945
13.430484
10.239775
9.629802
10.689886
12.790154
18.501560
15.676694
7.400361
13.204121
8.383570
5.719656
3.314038
2.177190
1.711488
1.745701
2.551585
0.988783
1.145889
0.541536
0.675729
0.711519
0.182583
1.045002
0.820462
1.890386
1.975173
2.508396
6.066037
7.575171
8.839888
10.122781
6.631701
10.281191
10.910739
8.881651
10.642273
7.259175
8.300363
8.447961
6.927576
6.113236
4.125402
4.939406
4.945727
1.393710
4.111746
1.560228
1.496471
0.774964
1.326254
0.896539
0.650938
1.224059
0.231913
1.375417
0.940961
0.985573
1.991674
0.571519
2.872221
6.953993
3.780622
2.510408
3.979566
6.484134
8.590138
4.552918
14.450956
5.801197
11.551340
6.121644
5.538297
1.625284
4.979700
2.785039
1.809612
2.303396
1.861007
0.384896
0.000000
1.271896
0.000000
0.000000
0.724980
0.000000
0.000000
1.282146
0.005374
1.751845
1.758312
1.738371
2.980802
2.391503
1.748838
2.030615
1.512413
3.057375
2.882732
1.698352
3.422389
6.490464
4.854503
2.714260
4.624975
2.302699
1.763386
0.660465
0.496277
0.069018
1.943264
0.592111
0.593548
0.000000
0.000000
0.000000
