5000000
32
0.000000
0.000000
0.000000
0.000000
0.051568
0.436772
0.515137
0.475299
0.214874
0.061176
0.580474
0.578849
0.078651
0.006375
0.123629
0.238887
1.163539
0.642004
1.449728
0.096161
0.219237
0.242417
0.000000
0.145376
0.000000
0.449852
0.000000
0.568274
0.000000
0.179316
0.000000
0.024267
0.480141
0.000000
0.000000
0.175747
0.208492
0.049536
0.000000
0.000000
0.918103
0.169124
0.351465
0.224641
0.461886
1.065099
0.368879
0.995726
0.524087
0.232864
1.057092
0.947178
0.620548
0.849833
0.710890
0.853953
0.862323
0.379785
0.000000
0.000000
0.152680
0.447523
0.000000
0.000000
0.000000
0.225948
0.196291
0.252361
0.602906
0.003317
0.000000
0.089629
0.732303
0.308793
0.182956
0.283310
0.427496
0.547419
1.491501
0.911516
0.580702
0.778680
0.553057
1.552148
1.113557
0.910235
0.665102
0.940086
0.863732
0.750052
0.000000
0.004222
0.241863
0.005060
0.000000
0.457267
0.348093
0.188557
0.355161
0.456610
0.000000
0.833916
0.442758
0.816273
0.000000
0.845154
0.710103
0.908174
1.008600
0.217676
2.497643
0.362372
1.646153
1.115577
1.624301
1.207363
0.445022
0.876646
1.601821
0.170523
0.666625
0.959764
0.915468
0.281370
0.366032
0.247339
0.000000
0.000000
0.000000
0.000000
0.000000
0.291583
0.031514
0.000000
1.356427
1.054561
0.004763
0.915448
2.039827
1.543726
0.517669
0.232151
0.904504
0.541443
0.899683
0.857948
0.664461
1.398554
0.805829
1.817844
0.839067
0.802877
0.480920
1.024857
0.385374
1.122154
0.000000
0.657345
0.280631
0.296387
0.505925
0.579295
0.000000
0.561986
1.299284
0.827888
0.691914
1.083524
1.019844
0.617444
2.384438
0.895786
0.364988
2.098055
1.897097
1.002132
1.127707
1.383084
0.998051
0.443048
0.560434
2.186241
2.797837
0.553682
0.582590
0.388033
1.015768
0.000000
0.176845
0.429398
0.000000
0.000000
0.000000
0.000000
0.219237
1.304566
0.496923
0.751693
0.969591
1.108568
1.719231
0.728932
0.963648
2.280587
0.542487
1.166997
3.802979
1.762207
0.704175
0.580323
2.078495
1.223567
2.038722
0.339470
1.710189
1.043082
1.466824
1.077965
1.664839
1.161622
0.146906
0.279878
0.284575
0.000000
0.000000
0.434684
0.175770
0.506374
0.738953
0.787430
1.102047
1.974779
1.075810
1.349426
0.662796
1.581366
2.158244
1.575317
3.716837
1.651846
3.287985
1.917732
3.117649
1.336114
2.321284
1.993620
1.950915
0.975595
1.367919
0.687509
0.253176
0.252579
1.104711
0.265366
0.172250
0.000000
0.452044
0.243400
0.889976
0.597520
0.271134
1.356722
0.476538
1.971495
1.211960
3.645546
1.719196
3.175876
1.701113
2.896238
2.193612
1.933800
1.872630
3.896608
3.910310
2.049280
1.334539
1.145228
0.537277
0.825647
1.293226
0.769186
0.467882
2.128520
0.649710
1.678891
0.697334
0.452044
0.000000
0.196291
0.188557
0.379480
0.837852
2.487630
0.904115
1.458242
1.073714
3.714542
1.529767
1.157453
2.697728
3.714203
3.047096
3.843626
4.597064
3.603454
2.449341
2.759928
2.427079
3.913437
3.183147
1.701800
3.352642
3.630717
1.108694
0.585597
0.860236
0.245845
1.371797
0.087845
0.336660
0.117204
0.636992
0.508225
0.878946
1.330878
1.812875
1.908993
2.739667
1.026459
2.801637
2.742280
2.759167
5.218385
2.907482
1.965802
2.890972
3.018409
5.175403
4.294798
0.982842
1.931805
4.181455
4.102287
1.404169
1.677564
0.017781
1.314139
1.499877
0.041756
0.994182
0.290489
0.142307
0.294865
1.061471
0.304530
1.108202
0.432942
1.033776
1.258982
3.119628
1.361604
1.767300
4.986969
3.180290
3.658154
3.100589
4.806679
4.172902
4.905668
4.114344
3.636235
4.507279
2.866939
3.897696
1.359457
2.936903
2.353368
0.694423
2.167393
1.065162
1.114753
0.000000
0.219237
0.349533
0.000000
0.961978
0.038530
2.158103
0.922182
3.098266
2.267515
3.084075
2.356645
7.210066
3.842732
4.010637
7.442063
3.541132
3.996035
2.948435
4.248931
1.870294
6.957212
3.104689
4.588501
2.580405
2.673837
4.751903
3.879252
0.724520
0.967615
0.299380
0.904830
1.790960
0.000000
0.016731
0.510648
0.589283
0.858277
1.090457
1.602891
1.125145
4.077392
3.343402
2.352676
2.882039
3.131081
4.421700
2.807738
3.191743
6.838817
4.389053
1.587541
1.375264
3.190484
5.264122
3.587994
2.364770
2.273674
3.654579
3.526861
1.129716
1.594362
1.833078
0.852793
0.611862
0.316392
0.558266
1.542871
0.939114
0.674032
0.674181
0.921355
1.467846
4.156108
2.864531
4.158366
3.747981
4.022225
4.043873
5.203488
2.941780
3.597259
5.280504
3.519871
3.523741
5.764519
0.964123
3.589273
1.892819
3.526296
1.743596
3.437059
0.731467
1.667298
0.649331
1.865069
0.976237
0.026565
0.190461
1.205187
1.646986
0.606031
1.680597
1.591535
4.685153
3.275683
1.855065
2.391198
5.056409
8.533129
4.537603
1.990637
4.536124
3.089377
4.853621
3.609847
4.530354
5.365903
5.019905
3.371895
4.618864
4.691392
2.905954
2.420809
1.284211
0.605147
0.536131
1.858883
0.965438
0.181127
0.000000
0.000000
0.558926
0.687921
0.678630
1.697863
4.708428
2.601714
1.359739
2.793207
2.780846
3.499656
3.653501
8.574210
5.027965
4.786610
1513.808960
4.711149
3.024696
4.439261
4.651458
2.988029
1.226225
4.086300
3.368858
3.399715
2.674696
0.976711
1.550453
0.846761
1.170118
0.163808
0.290489
0.317989
0.668747
1.320118
1.159429
1.823582
0.415993
4.169148
2.143591
1.435795
6.264197
5.242382
2.894636
3.312994
4.411305
5.930311
4.029543
4.799734
6.597056
5.222544
4.328757
2.095933
3.953153
4.147110
0.433765
2.463648
1.676304
1.366421
0.640192
0.450170
0.000000
0.337873
0.206927
0.337500
0.838400
0.718399
2.630800
0.916366
2.175247
2.050058
2.875107
2.638799
4.172521
3.980731
5.197022
7.603826
2.145411
2.223461
3.971286
2.862151
1.966348
4.438524
3.896878
3.287292
4.294980
2.282527
5.657111
1.576071
2.876047
1.565744
1.440824
1.565405
0.460362
0.000000
0.000000
0.196770
1.637641
0.394287
2.607004
0.232864
2.717495
0.679843
4.482136
3.470828
2.178555
4.575199
6.854597
3.303557
2.850484
8.070953
4.869906
4.654066
3.357102
4.798341
2.520664
3.902755
6.465411
3.123168
0.700913
1.492930
0.857243
0.743131
1.447148
0.686413
0.422255
0.381047
0.000000
0.000000
0.700611
0.995413
0.401763
2.689133
1.407025
1.375988
2.031559
1.503966
6.584417
2.800714
6.407474
3.157360
3.720462
3.650041
4.336361
3.280190
5.017951
4.459318
5.664412
5.377786
1.926197
2.915956
3.489719
1.198640
2.736658
1.345678
1.139166
0.592966
0.256572
0.167319
0.050542
0.538280
0.157353
0.000000
0.848539
1.550815
0.644497
3.682609
2.702339
2.753227
2.435408
4.089569
1.648600
2.712875
4.469965
2.875775
2.062706
5.411310
5.119545
4.848759
3.861284
3.896582
2.223162
3.032595
1.873084
1.279240
1.336558
0.627390
0.233461
1.092290
0.000000
0.000000
0.032154
0.063686
0.000000
1.890684
0.978299
0.490171
2.699324
1.526430
2.584562
3.081213
2.161133
4.799201
1.469565
2.050071
4.772271
3.322201
2.694299
3.968273
4.415073
4.269441
2.453057
5.094751
1.552670
1.097769
1.369021
1.599459
1.343041
0.343168
1.786967
0.000000
0.510082
0.456512
0.177523
0.167134
0.106328
0.675892
0.585193
0.341357
1.914723
1.601584
3.109739
3.875491
2.652369
2.705811
3.659116
2.938291
2.597549
5.665235
4.637521
2.946204
3.253892
1.578478
2.092342
3.497411
3.676050
2.042371
1.105660
2.283828
0.255969
1.296819
0.225445
1.076370
0.755430
0.326754
0.566064
0.093305
0.308400
1.549546
0.451210
1.143298
0.158699
1.412328
0.589561
1.575728
2.138909
4.047454
2.265346
4.152443
3.935936
2.207522
2.957839
3.894903
2.281715
4.879667
2.775936
0.830497
0.312925
3.001246
0.250815
1.412505
0.461222
2.052427
0.669048
0.570990
0.425590
0.285642
0.000000
0.666082
0.935893
0.650259
0.434730
0.849928
1.920360
2.322175
1.356531
3.181798
0.172106
1.844037
1.981035
1.857535
1.043145
0.714069
1.779661
2.068292
2.080798
1.974987
0.714630
0.970682
1.672974
0.941396
1.117649
1.027414
1.886705
0.999334
1.010665
0.502934
0.141485
0.000000
0.000000
0.465881
0.495208
0.636537
0.314378
0.703576
0.907674
1.472609
1.443372
2.511814
1.363286
0.865193
0.485549
2.167649
0.673004
2.776704
1.769159
0.971198
1.442321
0.384429
3.348328
1.025807
0.631945
1.049487
0.857121
0.554615
1.570712
0.920712
0.660758
0.000000
0.219237
0.217045
0.136700
0.358748
0.709326
0.635118
0.791607
0.909685
0.366032
0.000000
1.615378
0.834480
1.276580
1.293485
0.948369
1.162705
2.366159
1.509397
2.442999
1.542145
0.965472
0.738418
2.454177
0.649199
2.108015
0.215437
0.786792
0.411856
0.265758
0.838231
0.645981
0.830649
0.000000
0.262713
0.000000
0.284708
0.000000
0.000000
0.057596
0.317981
0.000000
0.919866
1.384048
0.341989
0.677793
0.826268
1.309161
0.842979
0.913398
1.623085
0.611066
2.071037
0.464694
1.074492
1.176239
0.504206
0.755882
0.369650
0.171609
0.207365
1.533325
0.214380
0.464080
0.617290
0.115230
0.262709
0.022169
0.000000
0.167976
0.000000
0.899356
0.542193
0.520457
0.282707
0.469741
0.907899
0.561034
1.556147
0.214874
1.030598
0.100106
0.413087
0.743631
0.505825
0.479942
1.001061
0.388784
0.660173
0.252903
0.030272
0.724639
0.526311
0.357693
0.665544
0.388784
0.167134
0.000000
0.000000
0.000000
0.194329
0.000000
0.189070
0.000000
0.434231
0.000000
0.969729
0.000000
0.158699
0.112022
0.534548
0.977341
0.304762
0.886839
0.615425
0.029970
0.153835
0.119957
0.598219
1.209788
0.139476
0.268298
0.150193
0.454131
0.000000
0.393823
0.000000
0.623525
0.000000
0.000000
0.000000
0.000000
0.000000
0.000000
0.000000
0.114078
0.282644
0.000000
0.217045
0.000000
0.000000
0.011535
0.000000
0.362435
0.638041
1.114385
0.265366
0.000000
0.225948
0.000000
0.000000
0.000000
0.219237
0.000000
0.521596
0.592966
0.173990
0.000000
0.000000
0.000000
0.000000
0.000000
0.000000
