5000000
32
0.793614
2.697433
5.248641
5.174530
3.478016
5.274722
2.747458
11.589415
10.134527
14.864848
12.141029
7.394815
16.674286
13.970861
14.661102
16.089415
12.027362
9.147589
13.774857
8.174839
10.056952
11.733292
6.476078
10.996913
10.116676
7.450781
6.565987
5.507745
4.605326
2.704475
0.826169
0.000000
3.427261
7.212893
3.711869
10.393085
7.506059
8.205703
8.449210
9.165962
18.392654
17.158888
17.365170
15.642570
15.788648
19.273581
17.540195
27.199638
17.403816
15.332594
26.827002
17.439816
26.765078
22.511732
18.412125
12.782790
11.106721
10.078531
14.324774
8.835278
6.328207
3.623295
1.766579
1.799720
0.860058
2.687462
5.448063
6.326099
9.723649
11.060575
18.138577
20.742470
23.708645
17.421284
15.728524
18.181875
22.896921
27.924950
20.121376
34.088696
29.246700
31.722372
20.252396
32.107601
19.653536
21.221140
15.589457
23.687149
15.804943
16.185215
13.837860
16.235115
15.302382
2.619954
2.669357
4.223756
4.550789
2.695514
9.044383
7.359303
17.168634
17.809706
15.540882
21.745075
19.420507
23.130917
16.737833
26.656977
33.163261
27.202681
28.199459
32.207897
28.782295
29.216175
30.265781
30.436365
29.498501
24.350164
19.834007
25.902281
22.107504
9.850480
23.636639
18.927479
21.558111
9.847557
2.631261
4.324512
4.435715
11.189289
9.111266
9.708939
17.576696
20.287319
21.758608
23.173742
29.434317
22.532555
21.118896
32.449173
31.863138
33.959366
36.163967
38.203667
26.752554
32.633911
44.587711
38.847412
45.318729
29.077702
20.795671
18.366446
17.685743
20.235331
28.220045
21.975313
15.703438
17.400597
7.583745
3.550849
7.200782
10.929149
12.911133
22.530191
17.243807
17.106609
19.301081
27.932077
24.987959
28.824125
33.755352
44.322872
32.784981
40.187157
40.110836
40.473854
49.298439
40.709816
45.445484
37.701801
45.270428
27.329525
37.198914
29.525288
34.215736
15.704876
28.001238
27.818787
13.834761
16.941952
10.811986
7.069626
12.662101
8.236026
14.710921
15.535618
22.993183
16.878531
13.857590
26.899000
30.420761
28.618448
37.015980
34.990795
46.835617
49.569462
49.114838
61.695152
33.558228
52.151230
42.874199
42.694298
43.436821
45.385002
39.483772
45.198399
40.658386
30.785471
25.680559
32.586254
13.798000
26.007231
10.346713
10.249000
9.167576
16.492994
16.471611
19.266611
15.551268
26.354151
33.615456
38.618855
48.752617
30.579609
44.889370
45.510597
68.285622
49.164673
77.868645
68.836288
58.656883
49.952206
61.151573
52.785397
51.078300
50.730179
45.784687
50.924019
42.117321
38.873207
36.692688
32.992920
17.460674
12.935677
10.897661
9.136661
16.810526
15.698941
24.879620
26.419024
21.076628
34.285175
33.326679
40.448483
46.588764
43.198574
54.613613
52.118889
46.735500
76.310501
91.446419
106.600319
77.077957
69.358780
71.993813
77.117905
64.897957
68.026222
43.178165
40.855244
43.426426
38.714752
32.690479
32.213917
23.247881
22.280874
11.209703
11.743252
15.484900
27.362225
24.186674
23.929304
27.558374
27.869263
49.753880
52.192795
42.886059
54.747604
64.689171
69.462448
75.316994
74.823296
129.318298
102.435394
91.839348
88.988434
95.186607
101.000557
86.872292
59.410183
51.236221
53.953724
49.812515
44.873325
33.272987
40.002949
16.572372
16.994307
19.109406
17.066025
13.783806
18.533489
27.650032
37.909126
30.539474
43.754787
39.529842
50.920403
53.172966
82.360725
68.617752
81.164879
81.266632
92.266174
114.485779
119.412483
119.266937
100.934921
114.484795
99.966415
73.483055
68.612892
69.929459
51.441692
57.908806
47.998417
40.543892
33.088657
34.345936
21.465479
30.663170
13.835781
17.557190
12.792099
23.297571
31.730150
34.189686
44.625946
45.671967
63.362511
56.153881
81.042259
77.120316
99.342972
110.242546
117.135765
146.393219
137.453842
159.933273
137.995102
136.297470
101.850029
106.409981
67.683197
84.481331
69.652954
72.953766
44.805435
54.508255
38.494659
25.497400
27.926928
15.783431
12.826878
12.953655
17.544531
13.639523
32.575397
41.631168
50.207600
52.940250
52.054783
66.263847
83.686333
88.845840
110.027740
129.252258
150.597656
155.660049
181.650055
202.970215
204.943802
217.448120
148.198135
146.039047
109.256119
83.943550
66.500412
75.110306
52.174671
42.060852
43.625729
38.962410
25.931118
21.328825
15.497630
11.972492
15.844940
25.064747
28.838482
35.842327
46.511879
71.676163
73.858528
75.377876
90.553375
111.877533
114.222252
146.005997
184.100250
202.495163
232.603271
258.459503
264.346588
193.446167
167.255554
137.284012
115.839119
90.493484
91.741264
59.789974
82.788437
50.675751
40.723709
29.704838
28.958668
23.699505
12.099729
16.584194
15.590323
32.256851
40.863358
41.395016
37.246239
62.256954
68.804047
65.212288
82.697662
104.155884
141.216324
150.894943
184.679626
201.592056
267.834198
361.734009
299.911530
299.737640
207.104080
151.618423
118.709114
103.103615
88.468826
82.522369
49.627319
41.855297
44.581055
45.246864
23.441618
25.736410
16.480974
19.508577
19.451706
23.167957
40.947327
41.936085
42.000599
65.753204
61.139729
72.525986
85.776810
109.909378
155.345001
162.856720
186.936462
225.394730
377.571960
519.968018
363.942871
226.835098
185.011856
152.522064
123.794884
102.566856
96.711967
75.770889
58.827000
60.673973
38.438610
52.854568
24.365992
27.148857
13.129697
16.655872
20.380877
36.485203
41.116791
48.076633
54.543827
54.939491
64.407845
71.627823
113.719696
131.504349
138.862350
190.006882
246.453339
326.225555
485.134613
129287.828125
448.285400
282.912292
235.908691
210.619370
171.132584
120.805069
92.840553
88.022003
64.055611
51.550346
50.107506
32.675369
31.681414
36.414970
19.308054
21.528381
22.058334
22.501759
32.596481
48.840637
43.948711
59.892887
55.625816
93.039314
96.733162
105.041298
121.076431
163.448502
198.996643
276.278931
327.266174
420.883270
369.940216
268.455750
193.442825
196.698334
139.992218
106.432732
100.258018
75.986267
62.321148
69.048012
35.551262
37.246357
33.491638
32.359550
26.107491
23.119753
22.352892
36.211582
28.949823
45.086880
49.008991
45.589661
50.305832
105.096947
86.676796
107.266609
111.239853
124.393448
199.150314
242.946167
266.928528
255.465698
233.127533
210.800217
205.420654
157.637421
136.698654
103.030693
81.870346
74.203484
67.289612
60.194550
41.856121
29.771542
36.017609
25.092663
15.103058
18.563560
26.661186
38.068802
30.862980
29.673393
42.536449
65.729744
69.863014
71.040428
85.019409
82.466881
93.344505
136.597382
175.171066
191.194672
218.793625
239.689041
188.649155
176.040039
163.045715
124.024406
131.795868
112.142044
95.470161
90.637939
61.737720
53.124107
46.845993
39.735443
33.524841
25.161201
19.218130
11.112100
17.484970
24.225100
42.324249
37.201550
60.439232
50.695961
70.750114
70.400177
82.489708
95.888168
90.624977
132.013809
136.842957
188.696564
185.175674
146.758377
179.189987
154.245819
131.299911
151.086533
106.812332
96.885841
65.552895
66.648392
50.246582
51.004543
39.766586
41.108566
33.237999
26.001490
17.405853
12.984660
9.978010
26.051401
36.300327
42.697304
32.464512
47.525780
57.084915
47.037663
75.420181
87.238068
87.834328
126.200012
119.526382
144.675751
130.736755
129.414902
135.847687
122.666870
102.744331
111.411659
93.540932
67.606644
77.554398
63.808315
43.532642
37.528870
34.151020
27.827976
25.747883
22.294935
13.119156
19.299349
14.906300
29.566372
27.712057
39.598675
32.812382
43.788960
39.480213
52.793144
60.081337
67.293892
87.256020
75.979523
91.235146
112.847015
136.539749
96.363373
101.277321
97.307251
93.140800
91.710892
62.282593
74.451759
50.818089
61.250881
57.605541
41.767971
29.766684
30.296175
24.815889
20.168610
10.760723
7.417878
10.934362
17.626371
19.440523
36.664112
36.193203
37.829124
37.800617
56.969597
58.252419
51.997391
78.342941
90.026726
71.100510
88.613976
104.184784
102.147820
83.872780
79.928055
80.601570
75.684196
61.343334
54.290253
56.866871
42.789059
46.452560
31.842522
40.334652
16.674356
10.794381
15.278543
10.792848
3.542552
5.086672
16.547718
21.731741
28.749012
30.923223
22.978086
33.043823
37.914204
41.615215
58.873276
62.735939
69.787979
51.349552
84.097870
52.706680
79.063934
71.243614
62.968475
50.755821
48.982738
46.139378
36.369011
43.511658
52.790611
44.269085
39.513294
28.366467
14.850979
17.450762
17.288099
8.407183
2.732518
9.942287
15.359826
26.462210
30.424706
27.946978
22.073355
37.655334
25.051910
32.340229
45.917953
45.864170
57.568699
50.717606
45.698269
43.495850
52.706470
51.139656
56.688847
47.715542
46.646194
43.373474
39.459888
40.883633
32.807796
24.931286
28.321074
24.641685
22.925154
24.518044
18.115473
6.394247
7.462683
13.682547
13.612446
14.379523
24.481750
19.557226
23.506231
43.384823
26.671925
17.306011
35.656998
58.472836
48.158520
34.881016
40.287323
36.537170
41.891560
47.137581
44.600468
49.891140
30.964943
44.387730
37.530647
36.819103
33.905331
24.823654
38.777760
20.779062
20.418406
14.233864
11.752553
8.493672
2.622756
10.129629
13.169169
18.271355
4.598929
15.078990
25.084946
23.780670
24.418959
23.989292
35.295532
35.802605
37.584877
49.600735
36.883827
49.174709
49.601616
39.773727
39.018539
41.607155
38.346325
34.174553
33.247887
35.890312
24.750486
22.802015
29.842573
10.992423
15.590034
18.148159
4.574265
5.612911
8.072400
10.880161
7.361418
7.195302
13.902325
13.671116
12.836830
23.022160
21.382175
35.214935
26.600142
33.036613
24.647371
37.815483
31.627560
35.029964
29.523294
38.049881
21.746861
32.995895
37.763809
27.661615
23.804779
22.085606
14.983781
13.687590
10.221972
12.378345
11.827594
8.296076
10.886695
2.590698
5.500416
8.077487
6.306535
5.385626
12.667171
20.752167
22.166920
25.468056
21.187111
22.683319
16.289700
22.761930
30.354445
24.493208
21.025005
22.600376
27.043848
29.494925
29.636259
27.374090
19.446585
29.349556
16.777857
17.453342
13.737350
13.692590
17.419029
19.310532
8.095013
8.242593
8.164955
3.636541
2.633181
5.439280
4.496425
4.440856
7.302795
19.084732
14.619475
12.899696
14.036079
18.086359
13.039364
21.465996
20.042013
17.453476
17.238089
24.021215
19.440065
26.650063
18.153633
16.736034
22.770100
21.055994
15.946400
20.036253
9.022352
9.962353
14.745470
9.101318
4.483150
3.520998
5.140104
0.000000
1.563657
1.728804
0.941480
3.538914
5.227161
6.269458
6.482020
1.873546
11.162252
11.634738
9.408684
8.373026
11.976794
7.415406
13.958058
11.171593
17.324930
11.302491
11.015801
13.915691
11.994289
13.676801
9.760297
9.061968
6.611465
4.446160
9.103598
7.288453
7.152857
5.125151
0.785678
1.783523
