5000000
32
3.627029
3.479503
7.786777
7.401721
3.776287
8.214371
8.493032
5.245121
5.222337
4.512555
7.214601
6.193137
1.763906
7.965360
5.317435
6.715050
15.169939
9.469709
9.079708
8.719778
6.316678
8.780144
9.930664
3.415638
4.599273
8.149453
5.228518
7.073966
5.342258
6.225072
3.673448
2.513276
3.719879
2.668197
9.877948
4.522923
13.243838
5.377890
7.317167
7.037867
9.848342
13.169183
14.145432
11.880062
13.064045
14.310272
21.072437
16.487673
13.021425
13.501782
9.912424
12.943155
12.466855
7.985454
8.116233
14.440704
8.822987
10.496782
9.006863
7.881195
9.253345
6.262663
10.897264
5.424351
4.663046
13.474438
9.821820
12.870112
8.121098
11.934811
14.044969
16.721069
16.785540
16.982643
15.033531
9.822909
17.280785
21.651268
12.615942
16.866348
11.573261
15.106261
15.976357
16.810869
16.353937
11.498744
14.795045
11.245136
15.699496
10.542131
14.461355
11.127069
11.870552
9.053875
8.247045
2.744119
5.343863
6.318132
8.770469
7.249041
13.471302
13.316989
16.835083
27.392698
19.038580
13.288644
22.221535
12.334962
17.691332
23.466440
22.374910
20.517542
13.376286
16.738136
24.048489
21.133757
19.400627
32.024174
15.733307
13.496052
20.460033
16.766836
15.152143
12.374895
11.585690
8.286540
5.263547
7.914909
9.686607
12.308652
11.657007
14.484220
7.356266
18.013634
17.302219
19.630577
18.077963
24.233614
21.235661
20.553516
16.016159
25.291111
19.625490
22.272947
31.487019
26.305960
22.580532
25.415789
28.282190
25.704384
29.771051
23.089457
22.940172
13.438954
13.531120
24.363153
11.890913
16.186296
9.788644
8.172276
4.428078
6.301185
13.712197
12.630875
14.222032
22.539230
20.904606
25.933754
23.258286
22.126530
27.693686
33.066586
26.730776
26.729691
26.502865
30.897079
36.832417
32.965504
23.914146
24.959354
22.430073
27.475204
27.132662
22.690947
30.424780
16.815939
22.193689
12.007566
10.816970
13.433613
9.842938
4.130284
7.983088
7.078685
14.120462
16.950998
15.183944
25.335657
18.879059
18.751436
16.381701
29.650755
30.121584
25.121529
28.652254
35.769169
25.266678
23.997833
26.067085
31.484966
31.528780
31.301502
28.462736
36.131161
30.429726
28.374884
16.780470
19.628365
19.566414
30.109364
13.331238
15.811952
11.506774
10.821343
12.497704
15.256049
15.575142
18.898190
13.524371
16.884169
22.410860
31.984529
23.928556
26.215391
34.892323
29.811069
36.869099
25.487968
34.472057
31.750351
39.221073
40.623291
30.214911
34.625732
33.179672
37.734760
30.001034
30.403700
20.138264
26.262238
21.529501
15.901900
13.544630
18.720781
12.299840
12.450218
5.392756
9.940267
12.668232
23.521385
17.936577
26.194328
15.118937
34.318737
28.522509
29.582827
39.431126
49.173138
44.225582
37.545765
39.705120
50.375496
48.739201
55.965828
31.732265
48.374275
45.881863
28.779881
31.807371
33.203373
36.562195
28.897224
22.549091
21.198423
16.972309
14.253626
10.287057
12.071823
11.799549
16.755083
18.395708
22.965729
25.438841
27.003088
25.846918
27.669888
35.211319
28.024712
35.373192
43.478817
45.549866
45.142754
62.766228
46.399689
44.457363
41.858521
41.682949
45.395584
37.922146
49.894554
37.600456
36.073914
25.688469
27.454369
26.985731
25.249126
17.228363
24.206186
12.741892
12.691241
9.700632
16.189280
22.778902
18.925053
25.666861
17.620100
36.587563
40.567207
34.730408
33.633297
55.639366
35.233829
59.195221
62.679066
60.180672
56.947289
50.494698
67.347427
48.438484
44.200653
57.632336
40.529385
41.388123
41.016502
37.160828
30.086809
35.947094
29.500290
26.535702
18.100218
13.282702
16.026941
7.108422
8.651802
8.247749
24.993643
21.950958
22.587717
35.541641
32.376991
26.868792
58.370876
53.178169
48.405468
52.219585
58.518600
68.515099
51.986507
58.594250
66.189545
65.335014
50.390816
54.660648
55.414936
48.006298
42.794662
37.579609
36.246399
25.369930
26.476883
18.030443
23.902636
19.644581
9.090392
11.765473
13.542995
15.229305
17.914034
29.554565
32.602184
37.157825
45.247593
40.988983
47.821522
46.480213
50.765949
62.394844
70.789825
68.511505
66.982056
73.216713
80.114677
72.197586
57.444653
67.066360
60.641262
51.444016
50.929729
49.726089
32.062138
34.302795
24.288485
21.678261
21.294260
21.014013
9.769360
9.750216
14.412632
20.472509
27.443434
21.497396
29.439960
28.167421
35.200714
50.108219
43.421844
57.871994
60.240040
84.518036
70.911591
82.265221
74.923218
74.116394
76.678185
74.774704
71.188347
59.392838
71.256386
46.022446
51.315975
46.209560
34.568295
32.952454
32.449329
25.864141
23.452065
15.522254
10.888243
13.521514
14.685019
16.164833
19.602699
24.342085
26.824919
41.300671
56.065613
38.785553
62.830391
56.729828
57.710705
68.145325
80.072815
91.339905
97.518417
97.081001
97.639252
94.356026
90.327522
76.040688
64.614449
59.486137
50.625931
48.988461
33.063454
46.502918
29.341881
17.116539
19.114561
15.536358
11.070617
9.971050
13.357776
17.807085
17.866282
30.997444
31.387760
34.214344
37.695354
40.072456
49.336746
64.151634
59.873322
65.778267
89.907684
87.214134
112.083824
139.447784
111.030220
75.446396
64.590813
74.846054
60.698181
61.286343
53.850899
58.686260
45.866806
36.851421
30.022209
25.820782
28.032486
20.174093
9.606175
7.815821
16.225033
24.138552
20.781116
31.389774
34.480675
30.777020
45.299759
52.929726
41.719925
66.772491
61.593975
71.197662
83.404167
107.718895
137.605484
9366.871094
147.401794
101.744804
90.102989
74.174477
74.041702
56.407360
49.073631
48.869453
30.546764
36.648788
31.126057
28.251543
22.086664
14.029633
10.389553
7.913618
14.377396
24.919250
22.540560
33.539501
29.541698
33.198483
38.319397
44.004631
58.006508
49.581062
85.925552
61.448086
79.253250
90.745117
116.230644
138.180679
112.118469
98.144638
65.582909
71.555962
64.719200
66.166397
54.701675
37.600803
44.179474
35.004539
28.171669
32.651394
29.330593
23.587286
13.237428
10.546209
16.741936
24.883753
22.792078
24.171850
40.729935
37.752270
39.516788
56.096657
59.856800
59.229813
69.038780
63.469707
77.731323
86.013390
99.194199
87.934410
100.608513
110.653198
68.504059
57.524387
61.331593
45.353203
43.447750
37.882034
41.314606
31.074926
25.651854
33.162380
24.488403
10.693265
15.151719
6.311666
12.599737
16.756638
21.784227
36.014843
35.875061
41.537663
41.434738
39.969521
53.064476
61.039959
72.658119
60.278931
75.833252
58.302162
69.055641
67.390877
95.802521
82.315933
78.931717
60.416641
63.349598
52.367630
40.736031
43.678265
39.254265
27.819780
32.337685
30.063278
22.523846
12.770112
16.426258
17.367668
18.172924
23.929655
17.731426
22.468290
22.362488
34.057663
36.806129
44.970589
39.278862
54.637310
63.486206
59.608093
64.861023
75.375572
77.885155
68.281830
67.648605
72.297142
63.227051
62.048767
67.863777
55.723400
38.262497
40.103775
37.115166
33.957127
31.684738
21.534861
19.227921
17.286375
13.159396
9.650068
17.222452
16.069962
12.658228
24.405020
24.374149
28.660295
33.896145
46.854530
40.834347
54.050819
57.339222
57.101852
55.311966
64.879555
59.313259
66.005875
67.960899
67.604988
61.848003
50.943058
51.606464
54.585777
35.410934
27.661949
29.699858
34.756607
28.103647
19.266869
17.660887
8.649197
5.224843
8.191910
10.870635
20.225018
16.905313
18.225117
25.629694
36.380157
31.544313
39.853275
47.115181
43.347790
49.074619
41.279819
42.077152
56.771603
54.371201
55.801479
58.926403
49.469704
49.681751
51.113918
43.012474
46.216320
37.916149
27.341213
25.780500
22.023251
25.035383
24.255486
18.457254
22.020199
7.305542
8.153175
11.580644
22.332840
17.802780
13.512292
29.480623
19.753239
22.841106
35.319550
43.461838
43.313675
38.783863
42.486622
49.146843
48.251804
54.163876
40.515408
51.075920
48.872688
47.024399
41.003178
47.036591
38.706417
38.304092
35.976456
31.319180
33.881439
29.653292
21.697687
14.506496
16.927412
9.930469
7.186667
4.306314
11.769849
14.607862
22.687527
31.185446
22.538124
26.166832
38.620182
51.082989
33.220177
39.996918
33.796669
34.902214
38.322956
34.452293
44.786026
57.354694
41.316326
39.641472
24.738926
44.853973
25.002884
34.199432
37.042698
26.336884
25.208406
25.003736
21.504547
12.445457
17.534004
12.584474
4.727474
12.503633
10.230879
19.740738
25.884659
20.354597
19.616114
32.729275
27.779226
26.621012
30.117294
35.161385
41.618198
33.026150
35.516514
39.867737
39.859730
39.375813
41.653461
50.519115
36.153557
30.989576
23.037859
32.227055
26.940035
26.168428
23.340244
18.734131
18.311659
14.429657
16.249546
10.845299
6.276409
8.937737
11.672529
15.350332
24.754940
19.537783
19.052980
29.517128
24.138662
26.306961
31.975033
32.824581
22.689882
27.996275
34.371010
25.449364
36.080936
38.169613
41.204647
20.829031
30.975330
21.081772
24.475721
19.474377
21.053089
17.140560
15.026779
15.248530
7.184753
15.162374
16.225683
7.076558
7.927151
7.977360
12.114286
12.908577
19.730639
19.009430
16.880005
22.112171
14.668233
26.343462
29.680222
25.669832
21.160975
21.000870
24.953320
30.774761
32.649124
29.916664
27.595076
22.834129
25.931250
27.805744
17.899225
21.996351
24.320141
19.287796
15.794538
13.507954
20.547100
16.614923
15.095112
4.499832
2.659424
8.109651
9.834219
14.392834
15.432898
13.118910
12.578616
18.566902
22.027418
18.801989
20.674442
23.692877
19.045427
18.603279
22.377928
17.529331
21.073450
30.102835
24.790134
30.769188
21.264515
19.899378
23.334167
15.092174
16.889046
18.243690
7.884321
14.206544
20.081600
12.197030
8.771447
10.571482
4.534107
6.999832
9.824971
1.940696
10.962630
9.839520
7.953622
8.132123
12.032127
23.494795
18.869473
14.695556
19.767895
19.876814
18.596386
26.163456
8.823548
21.096394
16.689039
16.634686
19.338875
16.968084
16.649141
15.995659
14.996115
15.242380
8.932116
7.653812
11.728462
9.793949
1.819001
7.073519
5.236932
3.730615
7.112094
7.323098
6.173069
13.442604
5.418029
14.323826
11.549355
8.168066
10.727551
17.304972
15.244432
15.825297
16.081533
18.978539
10.667174
10.322899
14.870410
13.224828
21.236956
14.981619
9.778232
10.413090
11.612739
9.894204
11.474433
8.085256
7.066211
3.649122
2.787723
4.348943
4.565156
3.518857
1.811048
6.961630
5.450623
2.760481
5.418321
9.708386
8.673537
8.149142
10.637239
16.197330
6.311628
7.109180
6.211465
8.852332
9.695843
8.770618
10.023281
9.493887
10.783989
10.825674
9.066654
5.390162
9.309629
6.297064
8.218422
8.004904
6.374448
3.635961
3.538741
2.740644
